$ANSIBLE_VAULT;1.1;AES256
37623833363930356539333739623333646134393137613530646463353538396639623263336534
3435653535353337376633386161323065383064313436350a363932663165646562653539353836
31363830643663313035376238663764653836306265333564366436313031393561393164666262
6535623234353339310a633739633863646363653938343733313032316231333063636630323038
39336130656534646433316531666563616361383133333938663966373630656165363832663732
38373533393365643233373636353663623937373062663530646238326462663339393961313633
35663733353936303962336262356663366461653236333731636233383736376161376463623639
38373162363437313138313530656538386666633034633434666639393134383630613238613061
32626162626165313262623732373939313166666435326436316335303937323265343136303834
62313531353830343766396537366662386561643034316130343738653163386331623838626365
61393866643463323364633664333461666266396135356130633861333034616561613934666661
35366161643963646165343031306161653330373933393736316261656437373232396438396565
30313633303065646231393532386530333231313665306534343234383830313932623162393664
66643665653466613265306365613133653731333262653039303437323565326265323064326536
35356239356533323235663232346138356639336165366265353631316263646564346463383831
61313464396166333762326263363865653436643435653833343536616632386265363266316663
34643832326564313366613237396138396131393465346439333032373833326339326630656333
65613538616337386636623965306562323163623265306339353061376466326336653031363437
35326161323233616363643037316564306164613761343765323566313836303934353436303863
35356365346139653032376432356133393464626263626339666361333863323635383562323963
30366532623639353735333762363565373834643335303630303664666663373830326336663933
61366238353238633437363634333562343039653332333034356463636363346437313833626238
35623138666464396531323731363832663035336533386332313832663563343863343331653833
66316134303839346536363431373362316530633739646238633232343334343066396636613537
61623935616262316164313639643162373035616365646537633631383830376563666136326264
32313666373635633339393734636266643536653430336364643832633530383966383361663666
35393135373464643738306463616633363539623834323035626262356634316636616332643964
33633136383231353238383661363932623537313937633935613865303161663530353561623035
37323334323339303631356338306164333864633033666336626266386235313431663130633163
37663261653939633236633165363233353535353939343262316338633631363433656533356436
36623266393539383732643134383038653636323661653430326132656435373161356639666637
64376534346662613930333932633737333963336533316135383438353264303136383931393633
30343037323761633764303461356334313635373937613438386466303934366530356163636163
39323535626332653736326338303232396532613533376331616264646164633239666663613961
62343530626431396234613565376531353237663833626532633336616561383438626234386264
61613333653764663130333132653438633738613566373164653562633066623939653965366231
65356634613931643234356434366562306337353331643030313336653162646163393933326433
34383331333630646432383635636430333232633034303362306331376532613363656462316662
33386130303230613536323832646534336562663733336535643731376663666530663930343430
39326661653766386365376562316135313766306333313439376562613938363361363936663032
34393231633536383231376362653336336637393235343039626335323331383935366164376461
32633762303837343363643736623631376138323933326162356463313665303830363062373562
61343731633139636638626437313933663736656162663130336563393464316161343866353764
34383239373264323838663731643737666334383333336561323935353465363135616535336636
30653139663866376535616433333266303437656430366132666330376263656664616638323236
64323464656339306339373362656134366335353831316565643539363436343931656239616335
61626264646133336137333262356630396138626133376433613031386363623161373334666539
34383234613337306262626639353063366239646235396233373231303134353130343462646365
66326433346137626232613565376630623361393163636632303734323931623630386439333363
33326133326263616464313164306236656433643864343661306436636337303962646236656131
62393734353663613431386263636536336234343932646266663435323063323566353539313562
39373765373539303133663866643263383266326364333863326263666166353237353734376566
30393636316632636538656466353237343466346334363864323439303265653833363366633034
39663764353138633039316263316531623430636634643538363066623737346363646564613632
66306461336535303365383362633933623332643534343437653234613036363264376466653465
32343636373737653463653534666433373561656438363038373933633630633966363533663537
30663061396263303334366363363538643135663731656434326238353165383030653932613432
38613764336632316563623938333430333262333364363962666337623636346664626332653039
62663363313062323137386638653762663437346164643932646364303361623961643261643262
38616563643732613739
